      MDL_VEN1 = 1.000000D+00
      MDL_VEN2 = 0.000000D+00
      MDL_VEN3 = 0.000000D+00
      MDL_VMUN1 = 0.000000D+00
      MDL_VMUN2 = 1.000000D+00
      MDL_VMUN3 = 0.000000D+00
      MDL_VTAN1 = 0.000000D+00
      MDL_VTAN2 = 0.000000D+00
      MDL_VTAN3 = 1.000000D+00
      MDL_VN1N1 = 1.000000D+00
      MDL_VN1N2 = 1.000000D+00
      MDL_VN1N3 = 1.000000D+00
      MDL_VN2N2 = 1.000000D+00
      MDL_VN2N3 = 1.000000D+00
      MDL_VN3N3 = 1.000000D+00
      AEWM1 = 1.279000D+02
      MDL_GF = 1.166370D-05
      AS = 1.184000D-01
      MDL_YMT = 1.720000D+02
      MDL_VEVF = 5.000000D+01
      MDL_MZ = 9.118760D+01
      MDL_MT = 1.720000D+02
      MDL_MH = 1.250000D+02
      MDL_MN1 = 5.100000D+02
      MDL_MN2 = 6.100000D+02
      MDL_MN3 = 7.100000D+02
      MDL_MJ = 9.118760D+01
      MDL_MAX = 1.730480D+02
      MDL_WZ = 2.495200D+00
      MDL_WW = 2.085000D+00
      MDL_WT = 1.508336D+00
      MDL_WH = 4.070000D-03
      MDL_WN1 = 3.030000D-01
      MDL_WN2 = 1.500000D+00
      MDL_WN3 = 1.230000D+01
      MDL_WJ = 2.495200D+00
      MDL_WAX = 4.170000D-03
